4.442484902253310608e+00 4.360538495671679726e-01
3.018850789767401732e+00 3.237040650022406374e-01
2.269070421467053400e+00 3.128546506006129602e-01
1.789408692144641932e+00 2.295863934404780704e-01
1.449353494143133414e+00 2.191506012195471031e-01
1.192140086277061473e+00 1.715888144790890246e-01
9.886394424733265796e-01 1.503436779404351276e-01
8.222041581569519142e-01 1.357763338877586989e-01
6.825648228257961136e-01 1.177787932474304161e-01
5.630132185920854182e-01 1.101307662050592800e-01
4.589675246955755017e-01 8.598486443467366624e-02
3.671843379360192339e-01 7.680650767026721282e-02
2.852992691138459547e-01 7.075774648022305213e-02
2.115458708113974740e-01 6.340291623748929573e-02
1.445765612942791489e-01 4.981217643684795332e-02
8.334458908903040475e-02 4.978139384636842690e-02
2.702396670960428501e-02 4.694580520769470883e-02
