6.700288645062323134e+00 6.124472775499988780e-02
4.442484902253310608e+00 4.968035370980863202e-02
3.018850789767401732e+00 5.035557232280463841e-02
2.269070421467053400e+00 3.693696409377935502e-02
1.789408692144641932e+00 3.514103550964478573e-02
1.449353494143133414e+00 3.429983149931934566e-02
1.192140086277061473e+00 3.118500895004905349e-02
9.886394424733265796e-01 2.598949069531185721e-02
8.222041581569519142e-01 2.647245149788000906e-02
6.825648228257961136e-01 2.089324363730077003e-02
5.630132185920854182e-01 1.798734269912306491e-02
4.589675246955755017e-01 2.002152104560691107e-02
3.671843379360192339e-01 1.784604346111753545e-02
2.852992691138459547e-01 1.635773770836819810e-02
2.115458708113974740e-01 1.428338689769759196e-02
1.445765612942791489e-01 1.289939028318654729e-02
8.334458908903040475e-02 1.241903426795826389e-02
2.702396670960428501e-02 1.035490843824843007e-02
