6.700288645062323134e+00 3.253476657141456813e-02
4.442484902253310608e+00 1.810178035109311426e-02
3.018850789767401732e+00 1.108817045264172581e-02
2.269070421467053400e+00 6.962782557058317702e-03
1.789408692144641932e+00 5.285728528548055971e-03
1.449353494143133414e+00 4.244914146314594794e-03
1.192140086277061473e+00 3.240313566639447043e-03
9.886394424733265796e-01 2.627006292016795166e-03
8.222041581569519142e-01 2.503885742500190203e-03
6.825648228257961136e-01 2.049250393757408480e-03
5.630132185920854182e-01 1.847002596021729733e-03
4.589675246955755017e-01 1.864324376307008443e-03
3.671843379360192339e-01 1.847305373557924001e-03
2.852992691138459547e-01 1.588281395627266388e-03
2.115458708113974740e-01 1.451828282451164296e-03
1.445765612942791489e-01 2.077971574557928216e-03
8.334458908903040475e-02 2.001194607484178822e-03
2.702396670960428501e-02 2.600009161623108907e-03
