4.442484902253310608e+00 5.424517809622312337e-01
3.018850789767401732e+00 3.636410962197134666e-01
2.269070421467053400e+00 2.889243857666585202e-01
1.789408692144641932e+00 2.494419945702190111e-01
1.449353494143133414e+00 2.186690910446434100e-01
1.192140086277061473e+00 1.710072373840583193e-01
9.886394424733265796e-01 1.542321684508016211e-01
8.222041581569519142e-01 1.444819707822667387e-01
6.825648228257961136e-01 1.198596220965477271e-01
5.630132185920854182e-01 1.040892000112814686e-01
4.589675246955755017e-01 8.409506565261935795e-02
3.671843379360192339e-01 8.399112254950345802e-02
2.852992691138459547e-01 8.508557517677151072e-02
2.115458708113974740e-01 6.365040152971192244e-02
1.445765612942791489e-01 6.189049333277588799e-02
8.334458908903040475e-02 5.745931661080923986e-02
2.702396670960428501e-02 6.006911487004248928e-02
