6.700288645062323134e+00 1.671102508765094918e-01
4.442484902253310608e+00 8.296537575935149234e-02
3.018850789767401732e+00 5.182646808447167325e-02
2.269070421467053400e+00 3.636818732647555813e-02
1.789408692144641932e+00 2.992789173172745454e-02
1.449353494143133414e+00 3.190197881371895777e-02
1.192140086277061473e+00 2.982798770366798871e-02
9.886394424733265796e-01 2.284778512881609214e-02
8.222041581569519142e-01 2.535170592934532161e-02
6.825648228257961136e-01 1.911689953378111970e-02
5.630132185920854182e-01 2.534143266019543705e-02
4.589675246955755017e-01 1.756673951473681702e-02
3.671843379360192339e-01 2.058317035064804665e-02
2.852992691138459547e-01 1.742695068117743745e-02
2.115458708113974740e-01 1.413023876515628365e-02
1.445765612942791489e-01 1.695582077226464104e-02
8.334458908903040475e-02 1.434833521085600479e-02
2.702396670960428501e-02 1.756468355172880955e-02
