4.442484902253310608e+00 6.358216202908286707e-01
3.018850789767401732e+00 4.520311453543561231e-01
2.269070421467053400e+00 2.822834342502815175e-01
1.789408692144641932e+00 2.848852452491414389e-01
1.449353494143133414e+00 2.236565764020365388e-01
1.192140086277061473e+00 1.899915199381415898e-01
9.886394424733265796e-01 1.442152887589101540e-01
8.222041581569519142e-01 1.544163168899978233e-01
6.825648228257961136e-01 1.102034498279481078e-01
5.630132185920854182e-01 1.101197368144912342e-01
4.589675246955755017e-01 7.387083532847850409e-02
3.671843379360192339e-01 9.324028633363401486e-02
2.852992691138459547e-01 8.268416411029953783e-02
2.115458708113974740e-01 6.330161636623636567e-02
1.445765612942791489e-01 7.114093497218089424e-02
8.334458908903040475e-02 5.718494508357700040e-02
2.702396670960428501e-02 6.940015142384969860e-02
