4.442484902253310608e+00 5.423262925268957924e-01
3.018850789767401732e+00 3.544051718728160605e-01
2.269070421467053400e+00 2.750851293682536336e-01
1.789408692144641932e+00 2.384074685180483932e-01
1.449353494143133414e+00 2.142844452072334427e-01
1.192140086277061473e+00 1.533009521975189637e-01
9.886394424733265796e-01 1.474648783430500820e-01
8.222041581569519142e-01 1.380031882852042202e-01
6.825648228257961136e-01 1.094083796925716806e-01
5.630132185920854182e-01 9.540756131007732677e-02
4.589675246955755017e-01 7.444837459996632434e-02
3.671843379360192339e-01 8.048396728053884563e-02
2.852992691138459547e-01 7.034754655895548991e-02
2.115458708113974740e-01 6.155346890866893877e-02
1.445765612942791489e-01 5.873288541412849395e-02
8.334458908903040475e-02 5.358650761560549564e-02
2.702396670960428501e-02 4.999645416487270150e-02
