6.700288645062323134e+00 1.111634972522929365e-01
4.442484902253310608e+00 6.337955580493696839e-02
3.018850789767401732e+00 4.260385441572180770e-02
2.269070421467053400e+00 3.550349088832225469e-02
1.789408692144641932e+00 2.736275707066635268e-02
1.449353494143133414e+00 2.951002585268556674e-02
1.192140086277061473e+00 2.498949341738232813e-02
9.886394424733265796e-01 2.416282080718484826e-02
8.222041581569519142e-01 2.241884669065080313e-02
6.825648228257961136e-01 1.997570203282770726e-02
5.630132185920854182e-01 2.163382761661489587e-02
4.589675246955755017e-01 1.738543842990881994e-02
3.671843379360192339e-01 1.757897595948842290e-02
2.852992691138459547e-01 1.501375288893672978e-02
2.115458708113974740e-01 1.504522966948368921e-02
1.445765612942791489e-01 1.460787475208393839e-02
8.334458908903040475e-02 1.272995113137021655e-02
2.702396670960428501e-02 1.489131027700652671e-02
