6.700288645062323134e+00 3.223105438342142581e-01
4.442484902253310608e+00 2.063623814587438321e-01
3.018850789767401732e+00 1.426262872706134111e-01
2.269070421467053400e+00 9.719424531786713395e-02
1.789408692144641932e+00 8.081896535108355761e-02
1.449353494143133414e+00 6.871069665263350446e-02
1.192140086277061473e+00 5.846457678439100775e-02
9.886394424733265796e-01 3.912205249213188823e-02
8.222041581569519142e-01 3.973525979840192290e-02
6.825648228257961136e-01 3.148744515410753508e-02
5.630132185920854182e-01 3.514222326516118489e-02
4.589675246955755017e-01 2.147706725001680139e-02
3.671843379360192339e-01 2.574399421040966460e-02
2.852992691138459547e-01 2.085511811247502123e-02
2.115458708113974740e-01 1.474128745158776073e-02
1.445765612942791489e-01 1.649002289726876971e-02
8.334458908903040475e-02 1.722745463795859883e-02
2.702396670960428501e-02 1.345657739652433849e-02
