6.700288645062323134e+00 8.179183644820749166e-02
4.442484902253310608e+00 3.544427148741675221e-02
3.018850789767401732e+00 1.568378014354444502e-02
2.269070421467053400e+00 8.957547633995616154e-03
1.789408692144641932e+00 6.689660704370321669e-03
1.449353494143133414e+00 4.866055965618770913e-03
1.192140086277061473e+00 4.783133784440560428e-03
9.886394424733265796e-01 2.686810045943350666e-03
8.222041581569519142e-01 3.188962118012685174e-03
6.825648228257961136e-01 2.429886785228960872e-03
5.630132185920854182e-01 2.404197523003396512e-03
4.589675246955755017e-01 1.679808970357281805e-03
3.671843379360192339e-01 1.959477406587398999e-03
2.852992691138459547e-01 1.420468777095974409e-03
2.115458708113974740e-01 1.229313703619094519e-03
1.445765612942791489e-01 1.753300477199936204e-03
8.334458908903040475e-02 1.999899540410395114e-03
2.702396670960428501e-02 1.798208802525138282e-03
