4.442484902253310608e+00 4.670352087555184606e-01
3.018850789767401732e+00 3.267627963708766292e-01
2.269070421467053400e+00 2.647128521872008089e-01
1.789408692144641932e+00 2.367905058248026273e-01
1.449353494143133414e+00 2.023474970563899911e-01
1.192140086277061473e+00 1.535264225655448567e-01
9.886394424733265796e-01 1.470968544954823487e-01
8.222041581569519142e-01 1.336053084661442125e-01
6.825648228257961136e-01 1.085027408766405244e-01
5.630132185920854182e-01 1.025653287843560774e-01
4.589675246955755017e-01 7.312960552662874092e-02
3.671843379360192339e-01 7.758653932770252781e-02
2.852992691138459547e-01 7.206716838515354884e-02
2.115458708113974740e-01 6.200937407938137552e-02
1.445765612942791489e-01 5.710379292283201957e-02
8.334458908903040475e-02 5.154371891636292530e-02
2.702396670960428501e-02 5.527330889288432220e-02
