6.700288645062323134e+00 1.547672948827377992e-01
4.442484902253310608e+00 7.172674246810462062e-02
3.018850789767401732e+00 4.677127670462638553e-02
2.269070421467053400e+00 3.813648025839947581e-02
1.789408692144641932e+00 2.899787487982799505e-02
1.449353494143133414e+00 3.115526058244273352e-02
1.192140086277061473e+00 2.578360038285014769e-02
9.886394424733265796e-01 2.533708954441856245e-02
8.222041581569519142e-01 2.242758115604034930e-02
6.825648228257961136e-01 2.042327769872744406e-02
5.630132185920854182e-01 2.152920559323581728e-02
4.589675246955755017e-01 1.747798139081675403e-02
3.671843379360192339e-01 1.755848697296613289e-02
2.852992691138459547e-01 1.476266759500990781e-02
2.115458708113974740e-01 1.526327706135064723e-02
1.445765612942791489e-01 1.371107046196962109e-02
8.334458908903040475e-02 1.310025257394838855e-02
2.702396670960428501e-02 1.470409884002170549e-02
