6.700288645062323134e+00 4.177756271912737296e-02
4.442484902253310608e+00 4.244205297314330300e-02
3.018850789767401732e+00 3.566143166027357231e-02
2.269070421467053400e+00 2.970491441524141310e-02
1.789408692144641932e+00 2.592255630122805229e-02
1.449353494143133414e+00 2.729781960738540680e-02
1.192140086277061473e+00 2.448516914636949052e-02
9.886394424733265796e-01 2.290502564259799465e-02
8.222041581569519142e-01 2.215469009552836765e-02
6.825648228257961136e-01 2.059818377910086970e-02
5.630132185920854182e-01 2.077506387189599277e-02
4.589675246955755017e-01 1.738451370702444321e-02
3.671843379360192339e-01 1.768391316966198140e-02
2.852992691138459547e-01 1.452185229242976272e-02
2.115458708113974740e-01 1.523590400487904485e-02
1.445765612942791489e-01 1.403193266341729029e-02
8.334458908903040475e-02 1.249703723945448479e-02
2.702396670960428501e-02 1.498470370579032575e-02
