4.442484902253310608e+00 6.428820300417389388e-01
3.018850789767401732e+00 5.272927546112597952e-01
2.269070421467053400e+00 3.463281636723024026e-01
1.789408692144641932e+00 3.070999010825110065e-01
1.449353494143133414e+00 2.559173285226924444e-01
1.192140086277061473e+00 2.127977766907490909e-01
9.886394424733265796e-01 1.566794355326917854e-01
8.222041581569519142e-01 1.742017851859120336e-01
6.825648228257961136e-01 1.262980740752209785e-01
5.630132185920854182e-01 1.184745714562841917e-01
4.589675246955755017e-01 9.332718938058792713e-02
3.671843379360192339e-01 9.785345685316948483e-02
2.852992691138459547e-01 7.925353370012251653e-02
2.115458708113974740e-01 5.984628065019915316e-02
1.445765612942791489e-01 6.612021187513382470e-02
8.334458908903040475e-02 5.042527044668759784e-02
2.702396670960428501e-02 3.832493083881577389e-02
