6.700288645062323134e+00 4.550296035025935132e-02
4.442484902253310608e+00 2.860030686890034993e-02
3.018850789767401732e+00 1.346567280744909341e-02
2.269070421467053400e+00 8.673139141008997730e-03
1.789408692144641932e+00 6.724427952042200986e-03
1.449353494143133414e+00 4.735350526480697729e-03
1.192140086277061473e+00 4.345189087035246367e-03
9.886394424733265796e-01 3.156769869371330375e-03
8.222041581569519142e-01 2.463870728245880649e-03
6.825648228257961136e-01 2.310149691828829524e-03
5.630132185920854182e-01 1.938735727924071088e-03
4.589675246955755017e-01 1.845699605654336486e-03
3.671843379360192339e-01 1.658856440184281389e-03
2.852992691138459547e-01 1.147345108399152420e-03
2.115458708113974740e-01 1.113787632066702993e-03
1.445765612942791489e-01 1.279935001035526539e-03
8.334458908903040475e-02 1.361502474358627359e-03
2.702396670960428501e-02 1.510356406023367947e-03
