6.700288645062323134e+00 4.927442399198733725e-02
4.442484902253310608e+00 2.766535587338318433e-02
3.018850789767401732e+00 1.317383614544354910e-02
2.269070421467053400e+00 7.949941426754926835e-03
1.789408692144641932e+00 6.379673502768519293e-03
1.449353494143133414e+00 4.462278364278724450e-03
1.192140086277061473e+00 3.958004556095394769e-03
9.886394424733265796e-01 2.814934684213095742e-03
8.222041581569519142e-01 2.576691174428893082e-03
6.825648228257961136e-01 2.393262468079972519e-03
5.630132185920854182e-01 2.085243924113142858e-03
4.589675246955755017e-01 1.766870595532095021e-03
3.671843379360192339e-01 1.840645851995635629e-03
2.852992691138459547e-01 8.998900393437277980e-04
2.115458708113974740e-01 1.282278759531071261e-03
1.445765612942791489e-01 1.325073469107289651e-03
8.334458908903040475e-02 1.599956336965940645e-03
2.702396670960428501e-02 1.573879065434746413e-03
