6.700288645062323134e+00 3.232769817218889702e-02
4.442484902253310608e+00 1.792379398708694380e-02
3.018850789767401732e+00 1.132410494568757663e-02
2.269070421467053400e+00 6.419408036194937384e-03
1.789408692144641932e+00 6.282759619381322880e-03
1.449353494143133414e+00 4.268390306403202668e-03
1.192140086277061473e+00 4.211298455362982168e-03
9.886394424733265796e-01 3.195306165149404323e-03
8.222041581569519142e-01 2.608429784254379536e-03
6.825648228257961136e-01 2.217322529617347677e-03
5.630132185920854182e-01 2.088199680485329762e-03
4.589675246955755017e-01 1.545191104136836753e-03
3.671843379360192339e-01 2.021064282803138479e-03
2.852992691138459547e-01 1.411235833143981155e-03
2.115458708113974740e-01 1.144499564995768697e-03
1.445765612942791489e-01 1.261959125207668883e-03
8.334458908903040475e-02 1.517654661639021791e-03
2.702396670960428501e-02 1.976441938641698443e-03
