6.301514362622773646e+00 7.702327913068730825e-02
3.583452237953489217e+00 1.816548651694751756e-02
2.139163938396245079e+00 8.270313487177214859e-03
1.470027277309420066e+00 3.424530443179847703e-03
1.062060710085808379e+00 2.469322052195344324e-03
7.789368669248382115e-01 1.398189247399810259e-03
5.666296037727185375e-01 1.710584816475444348e-03
3.989572563051196896e-01 1.766267529410849978e-03
2.615487987325354480e-01 1.421565685896040336e-03
1.458099167028562571e-01 1.686195223787159301e-03
4.626612447757543628e-02 2.032050986540320445e-03
