6.301514362622773646e+00 2.111528189060641880e-01
3.583452237953489217e+00 7.054842097642576026e-02
2.139163938396245079e+00 5.044215605217148429e-02
1.470027277309420066e+00 2.756465242316707975e-02
1.062060710085808379e+00 2.879978694492136768e-02
7.789368669248382115e-01 2.343117079175970757e-02
5.666296037727185375e-01 2.213563166226277870e-02
3.989572563051196896e-01 1.742137068812553077e-02
2.615487987325354480e-01 1.570340128110742778e-02
1.458099167028562571e-01 1.378021887104690160e-02
4.626612447757543628e-02 1.224220077605070109e-02
