3.583452237953489217e+00 4.951882891664143860e-01
2.139163938396245079e+00 3.010363513506940647e-01
1.470027277309420066e+00 2.210159737177109229e-01
1.062060710085808379e+00 1.645496592495752364e-01
7.789368669248382115e-01 1.105223490116888502e-01
5.666296037727185375e-01 8.642666228583611998e-02
3.989572563051196896e-01 9.657723579219190668e-02
2.615487987325354480e-01 7.017536136859520157e-02
1.458099167028562571e-01 7.168291400121548640e-02
4.626612447757543628e-02 5.075546568405830961e-02
